73
359174676520
331871454087
672289480200
430768026359
977492209991
708906217114
830780310866
560462918631
446076522441
487862915215
220749700010
485223314584
229615353877
224524494084
323863531691
287509537098
68911041410
639949812042
797379925854
623204930497
995097298367
55352867937
373602283132
991507594451
676981241379
312968868993
360166932808
963817794816
892061292153
401619022943
63336946072
180898366874
902120491287
148347424642
961213016604
892833265805
547015630298
88905010140
310212332132
396871839839
668713989830
577939556911
529007364701
838442151010
215365729180
234715216215
836680653625
768933844528
434190328051
581683795255
352253716456
258344640677
828930348468
972345834622
503597170770
54655127786
175405599673
551938158154
936396684564
578016594007
912972349061
750039237340
417473083659
446015967699
218628295241
180479573425
470102822202
805866539719
359584944546
251981902101
475479259716
608938378835
71624004783
