143
905351589878
421223838068
803504895364
118672887918
308816318090
347793717015
383989449848
566301560344
408574967592
15459369690
201598513789
644687328836
998229053371
691116545320
353553306253
124241619748
464772378422
175283378460
3418056469
783066842293
589741540257
386946666671
195788781421
649551571839
364083063341
315600355547
928961439367
225220221777
652950578856
844866659040
344204846845
992754943664
343568675288
525335394600
352765846577
800936880391
103819309477
375188159963
651183532385
796210907310
771222770562
406987339437
764474678881
785618822844
275989646758
152891696892
208189327377
58149234966
632949462186
409125526965
739078930633
766998057558
304619446078
246130224204
440837311388
452799919211
984670666911
616216540053
23823191117
782448881009
47130481724
163339311601
955973424696
900744384997
475982456234
777501051982
439315956048
569003862062
140913752082
878785331709
61166720784
554820221588
663502527089
493359112043
963012643208
632248590313
591116331988
849276023353
550375832869
614931187784
66867039404
932582327432
18580448246
371094806021
490723186076
746836687360
552264348126
699377606038
548232893730
797635059851
328174439109
505605274285
7741459875
119147633277
376641509552
401459114195
33705435559
818282227122
658865532407
647311418955
636294937772
202768037431
765039815361
804270511957
205200823484
412004738714
738668132207
638132770644
266642111234
45653836440
295799494738
59613312459
788142600008
764897092079
125122294637
288094723791
936427220947
886522876104
502611295664
518650815101
48912614779
555023820857
531387404288
957785224128
558666907130
173822610628
582792441151
581081351845
292969925569
286223667798
451129185059
844871659784
637691908004
881648907648
707299627775
161171488252
849764909823
695042284954
567551595584
51066067524
940800544501
371534418174
912284521812
