181
943734218812
300565764362
50687752591
176663354993
746761380820
477263936119
396233522741
805548912609
766784950746
925079708451
494919552176
528391698845
321469261175
705271184419
256474758353
268015406794
56477977974
592637361360
334784953412
364008863622
293766090052
226865452155
512367895238
62178970902
353469281003
212578735383
485852673781
323771036560
324552255114
242272730376
111000989713
508714976015
254262346887
276783341578
660520512417
598523744192
678290684952
989814826694
314023564678
492557669859
252981420958
105544897178
288493215516
266685211615
262343349558
38309557577
401244049774
762350850495
45854435620
868233727700
664733805808
28652279258
270163903949
708874716031
757019944635
449397257172
396996836952
913558612359
392268020175
833140326223
410548629604
947751934213
884517726477
663108972435
248612761654
740348608301
244990557004
971292587941
73251899381
13330275563
169426093540
535141801483
614435626674
295167536929
324395392037
578227001000
383080924003
724502653420
41580844348
508315737273
912959158419
163308457383
725336121322
474723162247
604015530823
462164467922
291084755543
994837895768
970755259224
838776349723
772373122288
194391720941
987056462925
349143490994
90239365894
624615509170
504757006741
105486144264
748322697565
584225133557
378229426878
636924679778
399651083631
132492956260
694621495506
680799120784
817295245542
257330138131
356665598707
451060174993
107768794100
26438340305
161097836138
326764873135
375804529189
470532481307
28832944518
933776065867
191269839137
370896496670
681323674243
364189209397
90129000772
592573310412
328006523128
758170101819
666524743655
253079298186
904712432303
201790910403
802613452892
272637713656
732325678342
723643589554
119444229462
429847760055
203346785883
774933426300
254175477286
334824798420
371736427068
429239923965
327113815494
578177230827
789188792654
437137597982
393828882418
436389355566
533238744077
968056898704
285187217952
419053310276
522479537817
259378879931
89412347388
549420614940
967340802061
836735211066
558762321412
80769306942
623740995478
556166949085
931502271917
652157934766
19404511908
374112939821
749262702622
825702834369
364288288068
609342431971
964661748822
941829353565
479753772311
84861022846
709538951350
748386886390
267280897486
327373846172
485641639950
950348118202
289672867237
