58
602256749537
254614487653
661389232121
503781938460
351918389085
553273349237
643035996274
568730613538
472738666528
359532418292
39095346308
77253604687
170794098574
390519354016
964706010166
144552421059
671755229709
506920988967
170883389333
617036416142
48755550605
622388001121
731512000749
290553528078
518509781631
757533101010
682867524287
468462030135
828194187165
420275281160
36473929134
829272193772
133363253311
412642860000
178149775335
459347177934
539574129161
433715221701
937659411578
916649968319
806345849049
128548028768
580624933227
19729664510
50176973874
96716539469
814164182436
659376238371
695087243059
277453701120
62806293244
656647881476
306940821754
168909412434
978919786896
793763920347
851755216834
86067652532
