80
619916186710
332317764232
74980042954
582500056903
867155820143
102194198752
92750066479
73820876010
353228747889
939195619585
381330161459
106387742683
269346391627
573364628189
819975067555
802952260395
616862532505
48669168350
971971680163
469959644348
274882529615
430652148031
575282875740
466491052695
617601607883
639817806200
139201871076
741708597857
621962115950
925814759436
695435378508
605461304991
773271700794
320993763218
414194274677
929729344970
317101913939
774658433829
916770228486
476452894792
832285282625
739014527202
668824516549
155519941253
600177978189
36750593288
876711563433
871791140185
8119791399
112351579497
550058197860
164857574808
60891035970
204061041160
797216744303
593623814580
203443913432
105434389866
611681936356
801378362671
142590231830
712442416930
13663418846
945218729066
269336869030
142123225576
376251469865
423470088770
17567512488
876151524988
857039403674
23326187294
570165712127
303083514994
11032509643
649998563830
298496715394
249218162749
435564631337
212696930242
