109
555779694020
323508148923
641828709677
773999874243
4071149452
221473203793
591907221887
179535175389
783345901356
450720857483
831214196598
842222981619
502424970031
386366701507
445097206398
64270888504
902099878184
380744509024
646365531823
27348660024
7590925925
782103789085
85764400929
141741975053
360561534691
710388472469
545724987753
222427212347
138465065566
347358740196
552253623216
662511466996
195642187128
752022234566
545895629216
617062395087
744209722395
747922369110
384326052036
650232081369
455338125754
468971387328
918341801802
987687424779
973697709847
399367688902
988387373202
616240558690
328076028999
658501453063
648928904196
694970477380
168376446036
209950487509
133014558536
43820455186
383914607771
160773432393
777250120754
102332238115
892733431073
240672722250
273233006883
136219388062
798682235627
516977674431
171093604567
276867372449
707578386304
567705847125
104434577449
860586794718
650526185366
542502616678
659649949366
653067046560
825248589105
153488932947
529142004557
390834214314
847849049530
504470499384
977327934976
809212912837
95806234131
666220518333
368511586634
319062612342
957016337750
185977912598
396904289972
883525151726
99121733998
345336396151
260230687646
797958835623
318809723800
503357512974
821066227103
982389545289
27793614469
458622073628
852948318919
421786799488
101415812293
215058478742
943821305325
559785181795
893034313243
