184
757588139920
5936629751
857569356149
163587725748
257963122109
320386357838
291249929557
188247604381
979137143513
634513950945
884515719991
68486910066
723752646719
522611975567
811383827372
748316479881
909246682506
249730575017
715566823798
438080463600
928092341495
198725439356
892050353583
196018481801
854014880935
750761101659
787114010101
117209804477
230905979418
727421079809
142231126698
692394979023
616495455735
412575639543
119450126499
250499693291
850065765031
194564849134
478974604104
455410901056
606050476793
844409564498
147930503106
346808765229
389918313157
355272314202
651203003480
359632223583
520193848889
760727156125
8945250510
938621735101
887651303019
843375786194
939047696969
783027457192
882617203803
315892550290
610533405294
726731309613
618867795513
864541780563
983497303919
145514141135
48651480175
951690865506
135715911394
11926179849
496137882835
292326651603
19108464188
688326394625
252294586440
936088753531
503681638306
355069918338
178126406975
632129644588
645340771209
784577666114
62164859889
336936048295
313034019599
369790387406
704852831243
755631181582
859353783256
183371732098
87544228590
260253245259
850881528466
618266902194
317077722278
485639175679
731470622322
595364657956
47974175327
837263891084
99359699659
645666292658
723149981435
964770711888
372858865548
305610937748
305845514610
126484663809
189973004791
256827916492
851369164205
192689503141
658276545698
737274876864
785679599344
562657498973
1106812375
289129849919
813157493690
335199692943
212986445510
523016901945
181405340185
853477009267
988184760474
514952704911
853995614452
415179386922
647713794671
491627133687
804039225816
447213001828
649235638394
812245877313
31863586026
486417415318
675084298618
302221522151
92965254752
120224949648
104398007736
336676934306
874994813733
232969579024
512600455365
544388917644
80653042117
105266847588
974851357613
71238713456
159264448534
322519698610
989008997287
741681799501
818324608547
421286770112
192006820715
444590133571
456152213624
629454796189
791770552189
272274152061
90720493912
42040589730
182274172972
708746669253
523989392253
45044598164
31994925715
358283727147
489622275376
788311569919
543665039230
767138565075
289547727731
183323443461
920156382412
158377018224
805608183369
733691082098
877851063882
816428207032
999738854546
164677490127
795214278161
736205953414
