200
10000600
10000601
10000602
10000603
10000604
10000605
10000606
10000607
10000608
10000609
10000610
10000611
10000612
10000613
10000614
10000615
10000616
10000617
10000618
10000619
10000620
10000621
10000622
10000623
10000624
10000625
10000626
10000627
10000628
10000629
10000630
10000631
10000632
10000633
10000634
10000635
10000636
10000637
10000638
10000639
10000640
10000641
10000642
10000643
10000644
10000645
10000646
10000647
10000648
10000649
10000650
10000651
10000652
10000653
10000654
10000655
10000656
10000657
10000658
10000659
10000660
10000661
10000662
10000663
10000664
10000665
10000666
10000667
10000668
10000669
10000670
10000671
10000672
10000673
10000674
10000675
10000676
10000677
10000678
10000679
10000680
10000681
10000682
10000683
10000684
10000685
10000686
10000687
10000688
10000689
10000690
10000691
10000692
10000693
10000694
10000695
10000696
10000697
10000698
10000699
10000700
10000701
10000702
10000703
10000704
10000705
10000706
10000707
10000708
10000709
10000710
10000711
10000712
10000713
10000714
10000715
10000716
10000717
10000718
10000719
10000720
10000721
10000722
10000723
10000724
10000725
10000726
10000727
10000728
10000729
10000730
10000731
10000732
10000733
10000734
10000735
10000736
10000737
10000738
10000739
10000740
10000741
10000742
10000743
10000744
10000745
10000746
10000747
10000748
10000749
10000750
10000751
10000752
10000753
10000754
10000755
10000756
10000757
10000758
10000759
10000760
10000761
10000762
10000763
10000764
10000765
10000766
10000767
10000768
10000769
10000770
10000771
10000772
10000773
10000774
10000775
10000776
10000777
10000778
10000779
10000780
10000781
10000782
10000783
10000784
10000785
10000786
10000787
10000788
10000789
10000790
10000791
10000792
10000793
10000794
10000795
10000796
10000797
10000798
10000799
