100
982438519
982438553
982438571
982438579
982438591
982438607
982438627
982438631
982438637
982438651
982438657
982438703
982438711
982438739
982438741
982438753
982438777
982438799
982438819
982438861
982438883
982438903
982438907
982438943
982438957
982438969
982438973
982438981
982438991
982439021
982439033
982439039
982439047
982439077
982439179
982439201
982439209
982439233
982439243
982439279
982439303
982439317
982439363
982439399
982439413
982439431
982439453
982439477
982439509
982439539
982439561
982439573
982439597
982439599
982439611
982439659
982439713
982439719
982439729
982439789
982439807
982439837
982439881
982439891
982439921
982439929
982439951
982439977
982439987
982440007
982440023
982440037
982440061
982440071
982440077
982440079
982440091
982440113
982440139
982440143
982440161
982440203
982440209
982440223
982440227
982440233
982440241
982440257
982440259
982440281
982440293
982440299
982440359
982440409
982440451
982440461
982440491
982440493
982440517
982440527
