200
264
338
942
933
56
640
963
481
121
132
504
60
135
953
225
895
867
730
114
455
942
747
660
385
350
662
215
630
303
651
247
179
943
408
439
821
766
782
945
199
874
143
776
523
737
348
395
768
464
858
222
348
879
227
783
133
190
420
828
164
488
45
485
333
754
832
93
717
307
435
219
253
570
154
799
827
65
530
844
225
5
89
667
729
491
114
441
735
245
198
672
145
472
659
816
230
59
934
172
876
5616296060
8200222268
7033150020
348390878
5279169519
1060393117
8565006407
4282139189
7376871952
8455538071
1104549992
5138477946
5682114475
6878787783
7655227660
504964331
8248751894
8163840296
104518726
5086137425
6390001502
2409178875
7055342782
6159595939
2889684969
9818705718
5402212996
7596784802
7432307849
6181677017
9194806956
3123720942
7249791504
6618477755
4557592876
9145989005
3044004478
5503158104
6170644369
3531135739
6815148544
7032435922
7452820969
4731935138
8988639120
6530523240
9137147453
8457484509
1200581143
9218457974
8608169021
45713300
2805400305
3787850547
6936049562
7049113414
8925944069
6085740430
1114245608
2510770055
494389198
5377749707
5901238161
1996458298
9645556528
6622728345
250109574
3058477421
2363400741
5015317396
1987806314
7342516385
7234524508
1557167775
4251031972
6923654541
9679204453
9113602825
6709970862
3904984794
4370072546
6959918589
3707973093
187731208
3737962518
6005004226
6304687660
1861790003
5840843790
6998021090
5723420573
4875294227
5532430076
5794559871
351499824
1901463729
5221710177
465702960
8599674716
1501830395
