62
235250993837
113451451729
645866104454
633082636565
181880104240
93149608218
339105747610
402432825234
919000446739
400699402399
576820115871
104683608666
240138533155
607084698647
324190306509
375373724182
696396614349
193602851354
725782144116
274663026486
626951216897
608223059079
425082443179
631970392458
160247350259
732440915300
829807032966
203746843447
594031948774
728672342567
216744991328
808376236234
939165145378
959294126261
609082487811
842599272873
591946003469
539991064809
789835828113
521240827380
850853614548
217658300788
408311334027
915986795739
189107381108
696208303960
397210084710
581648531728
524068499941
251871585415
298017233862
180793873811
83408624297
872188515173
917338241711
551212562748
868952158684
549323783281
932256037052
18818239848
431325856799
588876184760
