80
666149280306
356718096131
361869095446
709742906506
799104950987
561492656023
255984714520
355039147435
930760467848
338031927800
209368880036
305741054005
882241908409
327263010201
97591455540
933031187844
66735097525
359251084990
398337480224
962218656327
749094293270
325951524409
309006268790
561566354859
584697471407
272717457037
87264606447
924358423745
55216897007
583638015402
51312461411
334145811699
173956594204
74926047297
46608344550
638845158220
572126544577
661435279824
745120432025
247103379077
438521599574
201331469319
271454373000
859933911662
232569703327
465875933099
936590615692
83093404552
344637954306
135945319346
48892536639
106484192390
615899671764
688165311010
192185149655
954760173434
998560275032
638066441248
312114484973
793577324832
136343527849
864370992903
989089297874
85782701430
731854382758
962754364595
808809599473
731499684856
491110729503
906905267951
369929131784
778985292581
862693869625
453826650167
987826585410
450946440867
837502172292
742311386818
189992005357
465375042147
