187
704181163421
217879373082
874969587078
600142627239
455566518991
19812800213
395690301075
755903319336
186461790117
84269312643
233040684230
409728638757
905674638731
203659059818
803712077790
894170481998
283736621235
218913481678
637914712456
470564556814
571987722611
620638824071
508550997689
579918892339
530683881071
901331889927
427340414489
663525998947
533945315910
534667420997
166399492109
958723105596
756949215471
331640105627
708498339520
646360629227
660655755352
610729917591
154724470295
137286514818
567689649359
38954407863
584569319941
841848040038
400869102270
779604728919
523447811087
680929767071
959703868250
983446248426
794491429094
461841540895
96262430703
968018103815
189540199807
126212684471
744573446376
157105590573
47008894990
103049531761
361408379631
144905014384
670417172990
391798606404
119862498291
803192799383
434644963634
292711986297
491892325077
143980589688
31810998366
991378992662
641650258089
744781323547
166107085868
624014259960
277847038575
87363235144
695268122112
967667079239
17422277433
702609347245
471891758338
257156214601
988573298921
205845608174
64228405679
699956457244
345870970725
699844959047
494296112078
538025117979
349208619568
760822210580
355416058774
7385893478
527305036924
972585326546
26791722215
291079251149
717981229352
357067676954
333939903137
202660824581
231718461124
366160171234
30224778332
135977062448
550901587311
216387229877
364877638491
122682642888
821916513246
915513233850
628372921367
390786360694
52160854619
251731955065
302380706800
665227714818
62796951296
441984471093
290139440334
157126850449
68901643967
624567851417
311896628096
930017535154
342427002676
873320541447
470523516469
366371802656
734100902355
81590928658
822624186490
398829177613
489127894287
727252320810
243498787668
55591301458
606022103549
142459120597
633698330897
294493638969
289878304247
702381926024
73143481532
407697611744
853967109851
253551911678
261632089895
222656768756
557181866407
876510291320
798612482294
899090253043
774243382640
545745948526
74506882274
284195523610
844124231809
105266046952
567019239931
485920556946
668571784576
417548776342
336762036534
475466684492
261708727800
598447265086
898766307869
632118893897
48670257874
14948592979
633797724196
410410051754
503394028100
852906420426
635805156089
858151728370
673202115617
885438830690
986365889142
526937213863
666832967900
275481938524
425506387943
