121
299816931855
606109141606
646574138083
623721114017
878138743923
207161298994
663258353542
245876611198
706003015744
835558084496
232077081445
881454225720
593377390215
27680041301
205386939245
516658583116
550800451021
214907383441
372738040650
435652551037
717820335959
726593297419
40233269143
372665404351
778357798184
957898995383
759810963111
729829867369
864595935877
416433851640
58123444598
31090629247
808350199212
603262808009
572001485351
566155543810
937041353014
699231594233
470003281875
607562149222
909272897805
959148596270
674279598148
584659017319
57758545703
328408321406
403164229259
375364234692
244767425318
513590236809
813721945875
868424895752
610312438217
678755245614
341468200060
915761231018
456085455895
496649869245
916560072878
863436421231
169697387672
70037738523
593831200585
165365374823
364496524393
450026125848
848900567499
300657422795
129535407676
244335235098
756444525229
237205347200
716729444732
24381867332
872078749758
828097943731
160429797384
267964311248
919281483752
247103767298
669441633795
986745131670
384818323964
100388417161
611797951675
801470760259
989833449051
172702339077
427564408004
567622691767
87094528426
132526088663
319283685005
912183604297
932710730434
584734161634
878321722884
452169939601
45733050031
277126177930
176224209476
379873439798
610277099840
399051273829
289191929224
457549125311
155772735050
474505919426
753609716900
92384080092
802621645860
794150013963
294665693230
690472880722
682400774905
773465315140
774557968149
658763159886
353734730416
352181502334
196944634778
