187
872154477753
781697194227
877138161393
575661528750
710898582815
857872226487
850329423234
62931705311
636669183404
759258030497
791893399880
577215759281
773418537958
477284195577
237538325506
385084133659
505323450204
890991224494
112684051542
845122446950
591330671279
739238345336
23340996862
657391032023
41526231578
716364460623
406670833093
812462835773
218797460943
373320964689
555085711768
91440726639
40848613625
925252621126
934972287246
900202109201
927789540815
234830380546
707957844768
219090222507
487698250548
797924971806
613113130539
374115430854
509070205923
627153729630
529265003501
583837150331
340514191769
869510658967
635756535500
641009844129
946876649577
654113036878
281940828526
730183358862
327065564150
771145891996
537311310755
95105416632
296474278180
283257387691
806003428113
392514135537
928879116918
139283677315
835722725952
988795053719
262329999177
862165215940
846968861723
934083883196
415795994374
622789300018
15560979752
165080384571
607812588234
337284915967
632492249505
995176937969
10301757135
739822284312
344147493393
3150905552
475154029131
141752511231
997217179895
916348962381
881806015934
616705045155
676644300058
965395722265
53882026772
961020962584
478376123310
563546944025
103838958812
551489204996
507192844576
11757178571
518675506106
714752817691
108641303348
22105703396
271528744653
651412097861
366880280514
765383092871
140509565700
338028507789
997180215459
544408433693
657969120313
477049323601
856813935521
419832358185
733618894709
972551087708
873999005344
424943982672
1121498078
236502197655
88877605657
43188908359
150302077047
361356348515
988850780841
768778432833
765240236222
704565459367
785049756810
377676825756
771019670032
812061356499
314978093419
795193214016
600478212444
598874716785
288706063239
593125549611
663841004181
584251478601
370184157435
586655876292
264721215577
521359876236
894819028596
625928042361
367546840375
836098508170
907158033054
775118604034
170731163510
565356345363
606219070098
37827670267
369288076674
359405435166
583622172146
17751663106
221300514136
381427127657
252229802712
780560828394
244522380885
174472938046
816793260540
572642114015
555730211926
888142686225
764294430722
943646567429
662166699302
705633326041
230821504338
343449556042
274136783115
221596962956
21182650248
900163919021
387419832945
428044978620
56630777853
360150035325
704660135672
198045786351
528832384449
