100
862505834008
340848419214
797785220824
997430392181
880385764773
606956679238
887391851278
855666337033
297301024944
14703399635
473361183634
255914430455
590230900390
782103273322
96200841953
427646569231
499344238524
120687802305
171469919628
818612432715
604313289909
478854473266
721789275736
863946563682
984408696085
170585004439
787175607986
574180226213
337436206710
344466267565
362703357584
793017491818
935641673475
854963715040
125429990306
392588708219
131357200764
386093825019
513267964924
875164970032
795600256833
475537290758
22003699925
99472922792
684227380232
218152906549
229715002563
884521126124
616951499140
925963291664
132238679823
308723501051
312724420344
563865797913
638347987510
866127014988
669983263188
247586887447
606005893800
381552826552
181159433597
638336932250
137615290145
408076995178
524145502468
319878007192
2772275469
219672043886
197936892132
596880361780
389252481192
295718455987
94865740332
240410325858
718803326641
793646845369
170611644327
433024132554
234592315960
753484915674
369223907832
95540329764
631033554236
620920428518
457025393790
338371129366
114016503171
385106447980
325116391102
818940717196
595047887405
122277712624
876990373311
902679465002
880992554689
80389360275
918649541919
672527397862
531274118652
291081523244
