106
72867459527
282336539373
138195365101
18100329279
275085036719
516025708841
996559464559
39339813076
754395993687
600494473642
474612245268
586518687085
694733663146
108158513420
685847726561
15317545988
38852973163
183413004217
483358043404
652344991299
940549681093
11675526180
442315598508
702415357707
568348070984
761940665721
861838387801
154649560219
951700390170
924247268335
514606819306
258686306556
680366966697
231899088149
107375670674
202861778688
514407828426
240654618376
540629725669
434044259171
679708946904
583397693576
590704200157
203012364572
178969481667
805334196340
931834661225
846379269583
117368457453
445541497944
581188802597
742460233176
838607366452
813639234331
673293236655
394895417955
485215160207
417084780746
550682861715
988507884250
65135219467
54506397728
299837870270
627721092137
211622657272
469892421172
262066904856
601525788012
203776847599
68328228722
477908945574
564484301072
106476542404
485611683793
551106700100
803939576729
923780640044
140239033872
89502614201
227170210802
945658139201
499683641758
943569013685
34761170845
454275034677
605155269701
282746528923
196928302774
952328163753
993094927742
139856017903
243026138560
745886919892
446961210665
126197993934
449393780286
400511862984
144941077714
192755637440
129369111688
543225930769
321143262904
609456192077
311704941980
957041241810
111738305468
