163
9974796281
32695176197
244109389155
990505209445
415202916163
853437165338
499314227155
975456029813
929689315238
455896478994
899282702128
752319105859
205476917709
119039630359
833779448387
851967177153
929506118245
6340237124
662966158642
696959805418
665507315133
633931986316
897755503767
475039350533
403134031294
872338201175
825324655704
288643674432
144143099771
845456920053
954894450103
516133962597
620464278278
938998883062
50807012335
285215717082
304981353266
324419910134
714377838464
943508468854
940910656168
707185784860
364684001667
742116834324
654358246413
619672590557
786854764339
667160118954
481788472846
272677121092
933246912544
402497458717
888744738832
33357538777
700443822361
657566521958
729671739728
689785697557
832176947669
330045996275
25451883624
846679733609
578750935134
863369533363
68659232316
630566958959
914233799693
811758513317
31145126483
168010005599
265969207907
599207138679
285156452700
66644287422
343774808707
651458266903
494949691107
814051833523
780357412036
58472758313
536814167796
87111088694
614986334047
525504132034
986486730024
697295095221
551024261866
886379484694
187755594563
51029022988
351501863527
555104926638
997102369535
9795678097
346495313001
866351742873
360770956089
31643263040
659954710334
200204983245
113329357196
59186740136
893764166958
879030406284
104835525829
827243606154
974717424727
935522221045
543167099975
531650729806
71627307171
331377424969
605562353024
28603936939
491818032778
465717416698
964824399260
834731014095
622158554250
297372168847
890916370951
586950249649
152913557677
325448004611
633112060515
44402159875
597653091232
594137092804
269551736264
926656306681
988307296696
673983376839
523834173292
24943773531
138505695427
546327283147
208128010091
741901026062
676894769930
376484283280
50261921559
137368146955
845783510954
231548758095
860678931784
699122329315
574144812876
615559226321
467861901895
726655159087
58370877703
634715933346
531160327594
944213296767
400683693171
926937718337
676608357587
643511821674
69218417394
329327207491
461672478027
292801099257
169648045089
