131
619863881825
710406273599
715390831247
981450128218
587658968850
110588677059
503549566256
932240568138
877523690344
262005822428
694463225370
788235245710
390114584890
621867345137
903578367362
256544146771
764259926514
311464749614
860032496992
935331425907
713905010063
505855313653
417305510419
821938160202
928253202797
357704116946
464383495020
704237014944
410004508624
987717928812
276947468365
657563533387
407247160319
278218741242
925903248722
125889865716
67547793714
489117637338
515672158370
38941599097
762064451100
892768724629
236175469411
921311918673
937230531171
542220155240
582198098756
741976864881
521301394180
347490572233
174227211094
948182071719
2893970979
116527253633
53305232562
314238507179
111303124878
502851644396
471011695718
730936114179
68506499449
723470739151
955793757676
51465102806
131489188749
584041598080
807825985244
552948549685
685542422499
70130290511
863473664439
885133118350
509336755911
716962988811
428252807393
306725464318
708724889124
575174113679
306492308247
392009836672
488756671695
168125279127
260825680992
11551908765
258191480455
101867982667
802259415575
696246905961
978181920183
933962348724
448210740740
973318858609
149186240977
582283249122
660444264877
331481818482
573628445465
763507958678
550414562777
328548526407
971249977521
559594045288
817515873248
738533270202
759392774158
28591031051
476797440553
675229606079
849885478002
556278293733
258818263371
778533214132
356273730099
69017858977
792827760706
867659927916
598756626290
261015033206
133022798489
650495908275
541489945558
443298486362
149962210964
662458756639
443982497837
274512173270
590983096273
763966065453
182914807745
543603252779
697969113477
