135
211250607236
484904917138
159328124195
83704808849
839244794809
506526830422
346236345146
781539989338
594605688009
291195854038
855057168808
448529715260
108594784681
515308652406
798569400920
175913751886
347501331359
383740564998
616782235458
889679982170
985358828545
491133103061
91544187621
107977363168
55460124126
443246962136
208459758925
578649038804
789014747405
278709827727
262625001634
329240640476
209742188091
592532301842
429134614622
185571969874
703174563487
466410628602
153339063223
706927625733
989578396200
646004321466
207814202056
164743153286
814600472578
756586963563
737868739366
716433365041
922274669835
58421354284
960342564755
238252878128
759217565011
194013695637
179212136909
835494442427
287602520160
136842359490
417276115325
457096368007
853134705172
814960144065
690959557339
950180153990
237354653669
406427524119
498180886677
24419505865
989915641593
11311930832
456867228892
546928935610
50634252962
950624089953
739757681520
763304732315
829586765506
407140775905
541056569834
184387723407
945228609236
57957372608
28079179104
446748763
498335243937
194008561630
621651804920
187252616877
822150944646
142557169586
703358059154
109399384969
261843904544
541992084494
652676124701
740937343990
462388209069
833434793420
532003525670
56969640490
854943077703
453469165880
188901078444
580699583966
51914927184
90982830177
246103460550
270777805589
750345488953
876319712688
74161054680
958623965924
35717214554
548347554171
600525664306
829547031168
940602487612
169186641525
868397169594
617412616404
459116481705
913888603818
467316900607
30319799276
664923766169
868209673021
892396030386
675717462589
308711919270
102451912199
668178275128
704744700757
589610260340
288807666939
682912420198
