57
90346281100
489051285274
513729947833
419834351963
953092504139
464282325191
705626794597
204084955225
303980207217
493785931598
675719457024
284802513640
718952082295
554437230871
494239845224
17217231690
106902518355
496606398375
740572452323
188264867912
353725624692
666290134281
323313781536
737210188582
92185854790
463185647314
512463450458
473982775062
60683942048
424484364955
372314555501
363206912886
597522859378
126989480946
581926465367
58077878810
117818984224
197522123044
780318672431
41081492474
480658927959
852199801246
624989114799
944967964302
567364366040
1908601160
997905956134
404358124864
588894765116
668982426053
920106761087
585099769259
324088137792
628721144843
23343153188
332170459369
615024435610
