189
153922307938
895486772423
557630176635
135579748873
701064283103
687928899591
11070311856
237678991855
935425176005
798644418092
310348400147
796826724504
918568508254
534903305083
191169453957
741215025854
394396760596
311317698259
807647829237
49598019368
790166848239
471196630883
280413372145
107329467231
361949274802
643728671073
706489546499
669007725449
660802161613
906244127339
553395489082
985301119237
126388373321
617348698917
91250136743
88655440311
788480995013
377578578702
168879362144
311140985414
168749511333
874512151682
32174440188
661968576242
746017904386
53002894401
805081027868
872845025819
389589516622
424458731109
682444688908
124682536427
929016586159
209977515590
955803942510
933149958349
40202908736
645820106532
182552132803
397511090715
418444943238
666576545342
473082316648
572735811687
810457050578
224348882651
752272268725
878743627916
188048732356
113136498021
129413217641
518584095449
439979203704
78906085664
407761776968
726377758918
687832771279
341370573873
516679146083
192419728493
216890357281
754752985884
960756357299
375714946155
655461224652
790371951366
361786931283
926509901296
35953257366
711271610923
546346354291
337200760730
15297516706
683996613795
224876221720
595276268552
692443058159
521940176656
219852221965
260028999417
283629308061
442961937418
490930533252
497303374137
137894405017
909353927262
965853277567
245999799245
469720125022
323160405612
106840389902
117451171536
133846510702
398741121173
814821618533
789455148006
303817151197
599319524308
999936083596
94652928026
868404982599
695674293472
198988985973
801676493036
310425059715
486271451383
699926749440
211294319765
111953011242
252246294278
853661483362
876786300130
770284264397
631780105605
467612932502
337295450508
168826901664
262590108176
294666463211
76750874104
288975803561
304274581103
164706964916
632472155469
992212967491
580193721617
517295379410
459937706807
930704647991
880065823544
169276753386
185483500824
695227217490
116654837659
338498902440
208000815438
358026206567
386974474091
1403200008
696880236572
477033313651
871074399646
467004090552
337037374255
112227904394
372163248858
52456318036
208170752129
16337077008
993961487279
592312090965
447945542933
911480543524
975708733556
705639718247
351114331796
435669628976
17511026858
842477453063
672799587184
981040529896
190888587150
476463547547
643998840881
765162660808
639025561686
291233828837
74919263088
318638797377
