105
344399014852
572034826739
877106490912
814438034974
989527775896
212772206245
638880523789
22258418312
561875624967
219654269881
159122073243
203128969395
22414164133
448938911819
707007668503
454963674349
705711516196
554685204652
757887298712
228614561809
31824689972
770283232551
711473772383
769937785298
490312438522
537035008062
615737230954
823892598812
993385420364
51506606068
410257424235
821840350035
674435612911
307832759487
672671825565
754975961532
587072614634
458679678941
914284099700
21714956656
22025528235
297165613895
549393800917
732846708330
747903527386
863396059131
100147299504
98010466529
190415905695
297422102207
186004608256
932162266747
919358541160
579366134448
250937574295
448041435627
358213578860
56554505115
243178044881
723812717253
46607402053
430405163216
607322003420
142848431
705380871947
800845874827
63037279441
45136146592
657519672235
454211965776
752738243325
113847956343
421928662550
342836867036
773715198282
86243173595
154991344234
244589451907
921817329306
520595104081
788422679945
315697048435
309178960391
427448308066
172148561033
950578501876
637883107788
3494669870
262888916774
839567324640
121497836158
208377915862
2067593603
933854114774
513102236649
77036537943
835224925175
246042624570
38395176555
737335836702
413355312561
940435168856
624914308470
631111781049
598326157758
