41
446185114083
790451317419
259134942141
53030115952
92444183583
635282650816
3897242568
385476532345
446954086366
921428043261
227838820747
474023939286
25662477773
47237994924
409049124590
731248753277
310318765436
833523225406
917253820636
657581782060
150494195585
7297971833
379085613865
410237368939
499951149180
291643237389
83212922526
548442707397
77941634134
929630768782
692999750346
572122417050
389494586667
667408319796
899661189713
115137551572
334142835687
469754944279
805296903676
651060308138
195253640039
