129
445500546383
983678212242
79121146162
894190761661
616541308
170984899540
92972686347
73519204856
698371752846
891686932351
302149573679
972787268165
726477492210
357043175479
638967583023
19442095556
262181630544
131279128452
364721269517
271964391362
753047221929
248910452877
634907457236
604987481930
489274040014
955915513586
768296107609
280020264802
500745573119
963844661432
714344068278
222096017363
434102296675
940447196853
142949582013
253799814947
784472741382
418249033027
395128142469
522623214798
121166515521
950487080025
936174887662
520630240674
654901677945
847078663202
590458627746
608439017963
889007251889
188829731859
669367179967
418594813154
319413888709
869897577129
377802266217
432593915748
213691018613
732362508354
353818786362
177910863177
965067818370
905353546270
767633241089
839245756201
654332806837
911179274085
809764074760
256348797576
752967016943
679268502937
394385811911
497414492529
194155998336
503757981948
431039079158
312180647926
494564284853
112936254943
830219169796
879341400136
818649328504
916416177982
384625217105
511845079991
688333365110
600284396014
31067450289
707371488792
548681879789
454832159697
975273812663
455993883343
385457348672
31079811814
615725394709
510473917812
372381317363
693934382876
261571772173
142041760546
599269410082
246871240643
316187032556
761305045004
441562434472
490214732532
901412673484
216600496415
43741060322
304755495874
586443170773
255270064985
828700432795
477688622212
151042957489
764020087126
739740373263
240892611413
849794914796
109372039814
868116695301
673806027076
18413273039
437793693025
803223674047
68809062336
633138158209
920710456221
741129808187
