189
906869854305
946367810193
224351879717
820600063181
387521921413
706629719641
600013089111
702795395604
219493496357
444711707701
573543285770
823786838757
397295289865
854959943654
173827129087
976566976952
552115845776
686538739335
235603186696
179286195214
69061068642
406543019752
308693739503
602640177467
242247790698
943351129606
923151689930
96572946061
801468200302
275732643981
910772286891
842380378099
271077721388
950918230350
758437240970
643020587381
764000064580
517056449238
330092771906
695011212325
651165794002
142122597388
179237897765
874323201106
439531011733
831605314143
156795939985
869930200374
764329135157
467930955428
780647773740
626734881997
835630997702
411336464563
57772920793
207811281503
541968280588
638042174385
231409069013
359532482923
520152956557
73516813864
644963623991
454292705739
148494269818
659454909154
955434137113
362210479846
188495670007
911450443457
770371746179
34529543087
963404127238
234230498888
969587100042
424020495562
309130630481
418135809855
312559399247
821457753513
230535299750
645450160906
735765788192
162565298900
187478135359
922593445822
763261847857
397208868465
834188870563
458802353389
788818844868
976598900801
954550182978
928670613626
614130183697
898769054114
305843619924
308806579413
305176012535
35983575394
825124463215
364129485809
808620813862
799217887303
209846537291
442612612608
29225034153
595639896040
468400917805
443015960776
681676187813
159632222998
203410671164
695546221589
195493355275
1269569660
215466799760
639583964889
410946204282
556908456528
40840942946
765981805298
754575496359
86529972476
606673809713
745560595810
564231529830
484243991531
804993917906
141250663652
486193678609
806783220866
328613166403
921174717566
926206056402
937152012764
846425648718
396865042265
301693471760
758093614596
911452005739
932467044855
200244109777
887842756454
314544114291
743739547647
995780562605
635954666325
303067941022
8231335143
37217020211
546612248290
271805918878
183043504217
770839846949
12009039185
594287555354
724816088424
765829677296
593965317606
712583013101
724459112263
481107515014
617855096098
66827355790
309917052231
748402564294
103923558448
403807462920
224281985267
334880905969
749242306816
196926999602
197311370691
239694636184
969767223295
467643953216
633872447799
174225320777
804338662603
351630985012
301113518112
784380878727
354535625068
88993391576
756772349679
777517530885
643269009126
197668257722
