91
675072323821
563883296030
812199725812
403612859635
747152979214
211082139824
935634865571
894064227237
459182365650
972538162048
458794301714
237294126710
217815722089
225084954298
481484380935
780061322873
807890427697
97386756671
757587157166
2586711315
816818147780
834353526688
116283397472
667707307878
437826756496
816156582655
845657006258
876558533094
688425259417
233672493696
305143004094
918022600124
171903780702
41083031505
164852275304
104234329203
850227748943
3257440959
231458509593
256629835586
662424712068
175784016
783073436691
545665490426
723771726512
147785002760
251724810112
141051711854
631440633289
612163635930
24713073794
267826607757
603114726530
508131291450
298455844029
72453301298
564984151255
503299959448
136810813090
697499844330
884979479057
664379364190
769168776141
824185682051
909732819383
468237367202
668679913653
310595715539
836813491698
822530929990
599272248486
76079123377
61810111521
805976123838
527608167738
669086381992
255971462716
484571055718
977284512517
779958155227
7159909221
737408004073
379343100005
268690449912
731003444578
652144173010
439170900763
98222094973
922258885922
210411168832
328398806375
