105
366100467133
20629633568
685783535316
914873846446
48313951847
675101837159
333947574706
222686223164
195817343120
634704542688
623457125849
86764142002
33034795394
718530952587
476481410936
757733089700
168963956019
408239091230
755665392274
531545886043
299332522452
932612651631
186082320624
950670969229
646039405138
906706044644
443956272941
112974328683
56948036578
846761054994
396555018670
129979865461
38772600510
390204072085
68649761408
204792876177
356897685469
379372691137
558717546916
428818666921
431912631083
445181173628
512382248967
745329516292
209345178654
748467307193
506823361460
833864082605
261954041768
195538414526
710017430211
776522491641
118271972275
127716683904
883468872648
60220056722
986676604724
760396908348
827822355439
69949628298
760939453381
79935821146
214586849894
755533090484
244455047661
907146547241
733452532122
466848556450
379577597168
662746780330
229753203618
646818944195
981738235612
236220774423
659600733543
529229171686
396054806576
403688471773
880512776867
532125834187
868888095845
369835698059
280814670597
799836568580
183429810425
797531121099
335278663913
149313846304
665020213677
894536414660
922611089397
35404513490
785424462062
994044952683
597357745401
299565405427
508577968244
179231695893
498140784695
73726307434
367763323127
292784174756
893903139216
438041455236
75944749662
