175
797659885904
846335929150
24264773219
848553103617
884617420442
211799749389
364138507944
495410953826
994289146566
78850189898
162421282102
238323380340
506399832644
298334360072
799790519139
279879567468
76842393107
848093054521
642622209840
921170178727
906893639033
992688139422
369939133414
320579661604
137493542620
481818073684
915799425675
160790675630
482800721467
144410986986
448875543392
309193736780
587151192212
152867680403
890346517429
469712128400
104298568295
760725892220
624983390991
586419464839
347808102368
684279170594
857408901876
215067389747
78996545238
428011117290
784265774095
291890200444
2458458086
746544990203
239497382252
406184061126
952054607032
936544378363
166321022769
755580419964
17570626664
112689081394
899733273586
671721188249
738085736910
215629406718
679949503716
891667708668
860245877340
98201361775
401164343757
652664631404
711601604704
655612208535
982309583984
713849441315
70044527222
490578417354
970390211357
611905521883
904682819017
276416823222
156045147985
209978500736
142583090200
624965896726
904961710658
567326971899
614389247107
745279219109
243588827543
590499624097
429019780866
31558989721
549697933512
923883441277
79157277646
75826512214
212045011043
449016896895
466087894973
197176334704
96687246153
290557184996
197743994907
986074929926
317666109566
240958619325
708111120811
164883485389
151861458000
676114492438
454004083623
80040828975
508675516567
220758291632
176309949762
542146877002
413206658007
854156598506
916585523082
983432194424
866136919722
692916965903
231685336590
598648436780
948677471985
937995612373
227079538621
98846154084
832520466184
834378141075
144646003005
880159270095
541659197845
350965289319
453407327785
72725761694
803966556131
983800222589
512523047563
485053633730
921876970429
971670427066
898834004694
744836088605
873469559603
861744581807
61286737198
546918267742
230130993933
699626652809
663223093393
339451666422
449331297086
310214417726
627520039313
373227733714
434702801333
255962317002
8615238340
397119165072
55480547459
538564577999
941938758459
345463378800
704676217235
493612618794
492895348288
9601707460
486338056750
340716820028
648274392493
464541547443
499551475237
725128019632
755446009492
100973448157
889000719972
