72
236063516469
833611204386
551998160455
308218637185
519910111766
201098803157
888997333680
395362405580
657056172086
362829468749
227538976538
216165452541
414535495556
50035720598
370122925960
3144086389
143362684610
226033385930
201370537242
370829280172
985878380331
947694811964
816477208708
72173599344
737058678150
289569861023
657888462117
817938233052
36837693013
153378539447
465417325124
674674313754
847037547206
714354374788
711886985967
73632720957
95829153263
997858405027
651614360223
509225257138
910362748101
917916114689
858701228567
34297203334
794884767943
332792811992
460809995660
357394431098
593352978325
471260209341
948640654647
898416825302
920794160564
754442553300
563807470548
694861555031
584821341026
480195953092
273711440455
38970786989
283036204824
947041012282
629059513299
980478613074
838283707354
23355665093
750076055263
388188790604
716171084789
207387888584
684733536208
243581347388
