88
755637455029
202453953980
235049105172
261965054031
461071853281
855029456826
620390329617
601699840056
68683483948
393040270843
250626524562
818813373144
281398419499
333590565460
825381705880
111349567989
648371277787
648556184597
882488058183
780501300094
16054323585
994263058247
179344347970
373887921201
371469553943
945880169288
817268118401
755474311925
464539194425
194560906186
757238627260
890367136908
954460351041
311198164954
165006318452
390328403117
360202367
990420183411
668564029451
594812007253
885540592285
874770385390
743593328087
639120498992
888812836660
410188693911
287231574186
977654757937
800380320847
922635613370
86556899354
812102791271
648443983292
589992176855
820176734392
954645888092
446657645766
204007503314
578117948248
961356453794
382845838746
844880983042
949172883398
157677894703
918828460994
863093938767
934302356631
504051753794
32113989154
768560526843
552725549020
823366446976
424888104911
877459008263
307261611084
995107757978
348094933469
325090021087
576307901261
838386400682
247232602117
274787702239
83955324185
595774895556
884133057396
840528738764
253184333803
116482094406
