119
928618180869
291678727301
137045163157
837567411083
192497276268
291444956504
238022379248
184502891270
687626407171
822639380808
57106243160
729733834080
973047642024
848517626738
371010799567
497915806306
357676232606
943964626797
509890727332
599046781350
946502266866
468765044063
396593810512
439897897085
483607168398
174945759861
632495059963
598827033240
622848918353
82860101777
435310644432
523506536118
440216810385
766805744371
526424292411
974844528815
21802167932
474946523313
653195700176
430182500195
390810428653
586677722154
113093759266
663648924140
12967136826
389914801506
776106958084
870890584831
940761794043
164632495604
295946850622
305270605770
404621091020
733031036356
644236033213
327485623406
976634319601
921778139193
20983748613
442975977408
73318356500
442584421145
679695016302
57356130627
767980889086
283002106943
262372362022
510165219625
278560727199
942743938653
366138605818
151345846081
575672767579
785493505619
192662827865
175767895595
736902917133
455129534064
706212230938
391877751315
699448679191
495323938556
154206707416
395765278358
167634139137
986173965720
345056503578
837060646633
511322704862
352983778370
245843323540
923302128495
711943534597
609953879903
363087577469
47907503720
557667759308
985910671811
31128935304
203190767337
656478338098
724274012303
146366553171
54923417669
992730842654
498923216438
976360910820
62028247219
797063989195
179271128020
544414180030
127991372829
133790205661
163374818661
977082857187
448960558830
425741983060
791214967325
947091724486
