47
861395882347
959389092728
136943595294
954574106668
647154012067
770417409095
738270727205
626662926791
251051919668
771042419881
910329593749
204644539803
525127749856
154706146909
534796010898
238102798912
641573777017
806257681399
766054645030
806292891642
641199679859
333801940479
379629214987
273313917324
59318179847
326638213471
6444943676
812437261101
643699518348
349135438857
662207844611
526403779088
875967670418
47092932169
513569033023
496106246368
801673446174
341651016555
994509636246
205374392324
943004522005
516055486072
530030732658
940323201178
322227902611
187567953619
685739864464
