129
345308983463
510046485525
51007490761
37059004635
593077577968
595688476020
379111267178
309645518769
73879596407
512073853627
345824093431
160578162475
158699120085
407094836874
543652614434
910153585307
362983882395
842340882012
874484235814
50075685655
477428813948
265623500082
888101900467
308171516532
545926508450
781656479367
201506041
896410225329
202457911563
307777230389
38412573832
663785767720
681901035746
301241439805
427863120964
642272100468
904821009291
137502605065
152481725137
803786994404
750556268872
914372263523
504815728347
572921161721
289524218313
549105626350
383008236287
738929869109
679898394596
136699904248
61805517808
40830151086
682861113342
942572658122
595144147557
476682039796
95518767683
797716854730
665524165980
573071639233
793157288323
524006399553
782615301366
542700624043
944222243325
94104643858
245267287896
7126508659
817458633441
913834480955
716278048795
806330611677
320177100059
158883484748
856132348586
253579440624
552349248367
515769599127
379321918910
727740296844
442015342583
26313764414
353169455956
517759990409
608857186156
929475660967
422875379548
330255543884
282212742114
981842500287
931094655156
821372647373
247580388815
5868332064
186130818295
513012177065
36872966235
618682774674
407965648743
102215713009
215522370042
873991482335
527289701276
897826979469
130389355809
338597019391
606704449635
91466432253
387290214762
233572593717
496162827002
862708554415
664651496551
819492493074
545209170114
873574161783
613071677857
749654662673
940994674425
427412340689
29706765783
595971787072
518056232223
687052349269
923265982641
29138680804
521220914979
522776105428
863936867795
