66
535059727993
52605083351
340691555052
798442755597
133389551034
851807494168
67896328841
734014107904
640612607631
942869665634
281985418722
121441693092
46658765757
601632841221
636453516020
311240242576
121910381249
334362182577
31213266845
626735701110
792864070757
663838016396
270999141462
345868750105
398926215132
545725641002
769368574866
811652703335
155065628420
144511366580
120126742457
418911641810
869633324498
324449751501
86823643466
768685348137
52135395281
222176342676
240830689860
398396504153
501238820497
28465969690
132917861721
110227185963
348009977847
176308662667
536903921002
270674524374
353547821102
826021787510
53995954040
804023907414
826103100296
972655824166
497020644307
710799462691
569534179493
919652400044
891958065691
34617444589
696381064997
92567351282
878278542854
368893231066
576802639778
287167211882
