178
897432144193
205504873280
71062976537
607298325508
263879564415
893373436531
837023440983
69831252235
419870848715
961638070440
889175521256
14981028026
106692038346
802002035534
46065309373
418028786330
912806266338
156452938915
821116120742
918375238544
376099793023
722405652018
117762723906
760322775529
591171828176
24869656702
843939836750
538266755728
811063835927
314294016679
992420481378
235649493696
444533463971
763657844391
522034605766
136491992106
160460634562
456590543451
945315091031
387485295867
978553239980
606964922364
497158578318
733096438490
928390715827
594113881033
56928443606
484834357346
866518077321
672991429864
221533412786
470885525410
202857944839
712773865114
209925406085
986092711588
677125952082
76791662815
480505088245
433911869150
226676850256
19222221110
461945859290
241986600342
644455503153
414360007733
232044147410
131512211247
258945616012
128602796585
746261708771
842880594146
438440652471
707418662587
469320361622
71057717445
943268199944
519865322750
342426958175
795375529147
989038269325
769105943681
426571304330
896747075231
75275678678
710973454718
618153326783
522337579055
102462784260
505516748190
246054535788
782986170810
327675074754
732293623394
408478582228
912439345697
202262852890
367101296906
989732594951
844358873227
765256420011
792857708441
819506804699
964869461726
122271801738
88589397059
795716343833
947643541307
22096075829
227378033159
891816488688
601388121551
559950058951
437477604667
547739898246
540209063453
102334531695
782557802421
687787180791
286359812272
42145659815
704170192957
344377790737
639461343218
805089125079
783329738994
731443690107
350768653102
540597371226
595631044074
72601193433
447117257816
835638574600
768687073319
56590728194
46394977410
524879822900
347519382393
162872338480
504500417006
605933812167
476974698827
710648189687
215272096350
963866741238
117517157213
889241747578
184039882997
150176561329
731359434744
484211909240
653092567109
311765881958
845886615423
514177819399
115013675885
242570921333
882696829565
101569055902
200777368561
357786646099
291653915617
57447181564
131679621691
943589229084
817232189132
723938449294
10584799403
235306348274
670812291393
440760504446
13533926079
696703866816
342584553772
568343101386
815091812986
447560864241
766870920531
