92
357126361392
405736982121
785475220870
917964387134
591745458861
759386723545
727467527159
242501132548
320410376933
152127170124
202581342128
834065783890
965004116887
777943366199
700638467587
197108797704
528086225800
671031960414
752391094374
996629093368
905320624413
272321655032
17412671176
266094694430
542861260105
433416932369
361400071825
352912716210
168148523422
954238392487
711803877060
235985511575
722375812855
56839061678
332158132589
157107428324
255368258267
223196901834
748039861924
953522664712
20997271312
848884457981
126970480740
113262523186
566286531641
52612393944
659640614221
66546620321
749022870603
511336603403
637086109344
714493956388
454000173915
451108205435
497494364401
726333896242
328882138298
336359483050
800979855094
385349659157
373122726108
136230475187
720442400537
844952736042
50354180075
698364532015
229226247098
701473220970
812956538604
411286919318
833696038288
535404205627
440513752791
545164810214
722258591575
445680712287
183956522913
564134191122
724956549468
929010864888
646647809851
656197845370
706033454516
372140581335
695831433293
452610337433
395716802408
324407354632
715063603027
498306008254
781408486432
262940133451
