53
114921688119
137672756260
163719530588
466799847770
194429115126
398539580248
13928264060
585386109819
117134480527
868818682476
158164584612
112427231121
792594009537
790478421633
983114194197
887815045407
320389699593
633609579682
66490759360
419200237225
299939937159
468674323223
29576862397
49360536825
114729620746
245182070221
81786094440
200670695710
925518781327
547605883255
245831870812
9713424877
674081294975
24369334599
577502875968
447705403796
491563327263
980587695183
173788044435
652752593897
235213048721
208566624232
81903428934
227974191012
432311209642
514835651939
220793523843
740394405905
203817002557
594211017713
437171389686
171250858437
788034710621
