198
981961603883
317432123786
75877868782
521355015149
648638139371
81985741894
991510753684
561981760999
485149058434
313185744476
375173813885
539135461394
989079335836
553492612239
988981139026
417133969417
124040567094
831987676847
381904717976
753067913203
341558047693
947680238317
155841530852
361430698658
962563101091
474583276148
730508076098
890301847714
621713261691
680330065635
516964591365
283098912512
586335676338
921818390201
41362185322
922795243215
198675386505
186310421078
82811817249
435752725195
518826371437
34161364
838590703615
725172730001
302878020896
869462888182
369439260118
107827457661
863065770726
584062635154
471438139389
892885491191
927670576502
707976226272
62055117081
886800693518
298821458252
37739561305
62122198294
623748227641
617941185365
13921947134
796306854245
380194525352
439047558610
507509254700
558751334101
256089533730
779734418974
568785915440
215189213597
998376426968
651670265399
638843493236
552063053749
13931286343
703042885103
521499374868
606599036070
701230869860
379742226473
982759605205
697390200028
451108995721
826469363362
816654987250
106633024749
616826899507
608280373116
943978042167
422566781911
498080695407
560736305688
867214984825
476167974143
297456906446
584629250087
842544162181
617743953472
593131440002
802738034747
978756764655
683541894931
326479851173
373809969964
157485297140
89430762865
383358373904
629820948159
148392874351
450573375923
274645009650
201582964114
221411562175
820095399756
950498451637
166228852420
442886224982
400720818994
83767465463
144909468441
132800025380
135951539012
321765434146
967851948200
543452944154
336941087855
180126796230
516260148575
199429270331
595109241699
611392348182
578389848141
594925710078
816653622090
311408294787
248757802749
907250351411
764109216803
855651407152
295591101675
145184029206
498733366382
226887537872
345646082664
143588394212
900926049035
7207791781
887790878187
909231310149
449413797480
911814755081
5427363285
700399351224
867299790484
146158670529
339834490325
736836966378
347481587906
658722337981
129452143747
628354742383
887271494009
176094021080
69484174853
696740759790
765100688519
579636002819
189121250574
631880061535
937949927440
769969271838
542490353362
142556492926
31158175583
908523340698
548127249675
482446267797
468094906791
429030222539
90972636871
454940898439
124405837400
613052976356
152611144672
252299510573
466740082927
933226249526
255951968292
473487592680
260649841839
99600144950
821260270871
168229329534
97491349877
93743635660
196439112195
390202289054
