200
793883702487
481172122339
547835480441
912011983956
567340464745
783436679091
268449970570
628093373545
673154467293
268565561599
909702952536
209208531925
315533689189
779881164490
400192377774
612880590499
20663523677
939144674264
175112579338
198607228299
491574620378
690018541184
71736652121
704184089642
238037301207
736415365813
657002101028
369946865968
6408644020
306659232687
630843476790
553467233821
636255388648
989995474500
466333833148
421584164842
389484868127
340454256062
382965564348
194259381919
453349903347
54473912546
167132206934
172474238945
836028842903
446744825951
128767357035
325257430360
623269684088
991372883677
147671069492
950846057313
983294825328
445938533663
762378456037
846819657722
744732163317
251576612138
597573236847
419751227423
106422310307
950708245009
515347591705
117575482184
603348573542
412534315840
585347029527
425390732585
695108771959
81839458571
87772469265
360238664154
121404642074
628713465969
804109613616
7399794386
558862566689
864641659626
355543322843
200554873266
797340230253
587276586237
612305961120
204231309096
323229833112
333737092755
105666969268
113674694173
481834724466
278711477447
396359857648
65219020583
980343608227
631408441448
167025630206
278158067986
714850937117
990940769731
547269310625
171112970690
285868314388
720370182722
548993488022
557287226789
727574143042
512601754298
304519562373
290557863856
985783596100
949937849175
785372582851
704927532245
372145617683
804037634045
979959611326
620428892865
589788067758
779873334506
780940709280
614938875386
897721022588
423084395293
754129739713
590965777283
691011476692
839762319625
19009986353
192209875548
521665588168
842391149841
818243627101
415666012020
125327372915
716882340
380589922665
252402074023
57252298393
421072661445
41457372093
845559274556
771692210495
784010912078
325725205761
483500064049
314700040073
741393843835
331607506364
621185815106
352839322791
531835051738
932398238768
898873763122
935627568493
723938954478
682827847580
254002930473
374099575467
965391901524
524710202686
946688465660
768013307413
193817655456
160743878882
713984038770
75391100150
786138485394
262629426532
638316111765
233769211484
189275416199
345541496145
554121015706
51568536754
673869818864
942656800453
872156557265
482891286515
631739564819
360839842530
801227226132
619507000618
652118807977
204641057717
649625078039
802334387705
634510133825
20739234431
323648474075
611391021202
346285851438
734192475348
866691225792
190346355081
294695474916
419022555528
627647518486
2334336779
718794539212
640214038778
713477040261
