158
916432494387
417676347850
702356406329
701636501241
881343299427
420493085337
799695127838
621299286394
223084700669
588533319798
571341116115
446017141072
250424498191
982318808177
164994166619
967808410977
578428067129
393136812438
409358081545
6708044665
673543010041
281839015147
631974882375
108504597357
657431640057
6079007423
6409749409
473587709256
698534490843
350331091511
420149258742
797693707239
240004000112
979490492591
948861052530
178169497805
653646816849
893320616613
585081416108
812133818684
516611459927
426006801794
786312864416
346482541303
546985930905
475699279871
575869295139
174065295937
540248629584
349863732201
564016131570
988023206548
140062470956
784087816506
926802782981
57494933238
125647322763
35098204300
514485378586
955095809846
335456160775
178298324596
520180153366
684896135598
880929957637
188318666665
326094700847
165162757289
935062909977
67365836646
246465309427
239419922047
716114261982
842083267320
298479666613
932910052415
415726433547
767213755458
122952538701
577478512150
937392007293
412525652604
882964703020
433306947148
886978333570
550470737871
33529299895
402635514786
738837452231
420508880269
426091877105
16703511520
136285041447
780272801412
55070797558
711280678832
817132553482
651029939118
33805758852
916858571104
722699381637
750230229604
975571457343
701021688157
257173536768
163278252813
6213305352
215126589666
448512532555
995675165007
985907489114
734296191068
976115702981
671521076745
988975358996
723314447710
303952487848
830791008027
986910050745
269909114483
641604758016
526263339012
784173804153
210973830364
38862301448
22010957470
531118676184
533620751004
559530092066
887409026894
803684715437
340678404176
914986249011
177942440566
415715294072
493869338483
126386405316
437509448509
521545228196
665781806081
450848920403
739981674591
559289313769
190329860213
596472849451
957761631704
912290630414
941832034436
6946538769
80950160389
791532853518
387277654075
389312664446
987636393846
450853141424
6791030026
259190604012
864586263100
