41
559748737675
651547631129
835488857469
888812867908
358696558733
973409578934
263097467112
677761047250
649872131625
108105237631
268172061108
909943678446
513810667990
662813832808
138212738842
531810905160
48051148060
942101060788
961185625007
464496269728
998502118297
101804231847
511593360033
391394209759
359004230593
850743656866
261366396239
291872618114
105163566236
828235528373
33693144878
8914223813
902836394763
363316785299
24147591064
996089588807
396581877252
840410878061
802937191985
132167864770
223318257078
