71
469720362872
131084370336
421422616966
569569698090
515417514957
434004802492
766792480350
128820201540
968142851916
865944055276
16569019675
673234958551
144129068108
967280749363
718361989146
30306233186
73339117157
754997383712
624216176168
461983571267
833827693968
214889484386
983327741444
404673491172
801305429402
495363969161
324719153846
373926549027
572264995087
694656520971
935376421152
437265366257
134389028509
803740877144
111660524637
536397354255
176112874273
227801888334
671606324454
449421905029
717761219294
33692622008
549249469205
451372035576
57524092098
325702644171
409378465416
369667340088
324310380470
382152235478
499136292635
795817004179
422475188636
793446695487
94189987471
184812919987
889423659034
386981637088
788991612917
944790932569
925797671163
715186031585
29714543320
696045308283
733014405099
8254509317
238376898588
512413734346
726731128266
209882893181
61949964515
