191
546206552737
122531872397
192343844762
263364786590
354854294897
581197693101
614613523282
526043747315
161712043509
97451999502
39039405
326943628001
34999019856
281650119715
260726142450
993716895778
132078406833
966783897049
156565708923
960841102499
181862039407
835157094917
578722050921
25091832368
673032409394
247662291927
426565394909
638880187453
925930146129
114977350562
747711180496
831834483322
724815554138
699363263612
166501312275
195397738116
302266839875
730836021562
847235320568
991884372700
214876718201
873445476784
569323510235
492235733866
473153769361
359040004079
51199609125
405326927970
136522162970
556554424003
11766601126
55716878165
953118567115
596749614780
257209760716
250045603231
44226208624
972971702767
279730933601
283470353521
946863664148
943272343866
531763024337
820536166086
215580031326
353598795219
443241228877
319053187693
749810337743
870712139742
149225005408
644984484665
686622626938
545296115343
397452456301
280512029040
860131184710
677626146966
447460045536
245190258254
787081556882
701351577907
478809183710
182117082511
528898396147
718143349816
966836125402
322207152803
566343594246
197949537482
336258013253
326391987733
658206571040
635315584098
492021342648
610928823995
441068959341
630207842923
297819683038
463137456650
871257263352
306800396263
917881560443
221071019842
747629233758
375770258756
853386250895
88102941788
572850370779
270862984475
621887022792
652643231257
258813483002
153677891850
611199219449
615897600150
244196810542
356244458509
479321583172
218762676526
969795320198
585231687262
167680566202
622445331372
288159978932
853719314169
847813096230
65619673967
807805804046
127869700302
50674899296
319951235538
532050671558
451557537347
935576171888
192134843290
550359680966
500955280021
298625063993
281433323712
874566330072
499039233550
62301397084
887837342323
866365361203
814672079396
695031937305
415719640322
713895437177
109709239369
998047960540
948315554798
592988400946
20451707037
557845651256
590564681355
524056918034
81793704611
167940039778
729128690055
427619450472
675200733068
58599191810
108350226845
499971792933
761310798468
105275420046
655809517617
873568050611
156845382713
241177147518
695556821194
868326975207
867841099203
66964926214
169704162665
995939727344
178029003610
757198194057
479597688668
398301935319
312738232694
547391413141
621904422362
512419869457
905054581833
119049110286
469663606759
591098180761
810444976137
893791063103
