99
505096119847
938176363978
565672077516
971918448111
394471731893
51433117430
609426126389
260295969255
522882965126
613067961561
236699808052
176240877234
776239945759
415391968954
486745874523
627124111096
972935242505
333128736006
929951600333
816706468803
730752997881
686652494459
891601408004
347926109666
239343797307
976671315123
83780033696
73190973558
186053550602
30991301858
989193889310
304603914468
77173952579
173446260997
492531982017
550411178383
421507639348
474438757539
559844864011
335915445679
409204621779
568259444284
835399844267
737640376876
723452529806
393223140815
429056911779
533609420490
385700531529
139313996981
243632033843
320675721045
291996997232
993232000179
405430700617
586185740809
785169951259
9878383712
753447135324
154310753839
505345055857
630250617397
356894265494
758786137200
196178809788
933233904656
864118229574
429191641122
605940785584
667419893369
1178091461
131805859522
479954888228
775337178792
119611867476
412205903608
560919334372
316043865814
329589158198
704859013592
359831848255
692958872046
725600277028
320976354617
562082850562
214099915349
638781299039
346684283959
32363350877
384465005360
329791278035
319268566469
294657771118
373963902313
200552138558
524297035703
40315625029
776977689928
734726395891
