165
710328294210
101072808148
891079215588
897001158146
377580509675
631993360835
850024209567
384950546361
655490730048
975542192953
602143592228
371282999072
139928496047
177981543489
846070845194
360042038440
324960190419
363281536421
813398239867
770971798246
604015908679
122548113111
635147359791
890248862431
660323760993
857959965134
466878000358
74252720691
51311139974
917642568950
665591259338
414584151339
207871480010
876015851548
263059431489
306738685074
665414416329
156151529242
248880903713
511105690640
718003506824
248847101803
843169769195
443750138
304559689131
420443007679
677471359672
666767202364
682786793974
378180193768
399892118737
732646469863
90791766613
3252492404
965727392356
113413697214
13665640071
538052429953
949699166935
762622559601
946383510584
251022150271
420725705707
286624206354
76641083235
170984372048
480909122514
340226930474
96055845091
368037340334
838731814291
583328730447
732217024899
259888941057
529659796585
535785435993
984758627392
919154765652
707268489717
439847610448
731674723341
318213574238
964306934533
98637759583
90807729793
240062824951
515777929277
891614328431
326686721350
329414960075
492406076485
249763797473
727032057318
848046706120
303506997228
295698518826
74121847926
135367122659
177671897059
510912668300
67886248937
931224763907
542779606375
488103253939
589416184230
406402853050
742223291776
814354888504
366650016809
985558777778
137869238690
494243771207
368924773251
30573018155
670669616498
589502464849
46591695156
441909191450
593347107372
108817439927
876597468985
579656448951
83961075895
327663018912
946727914102
210679935088
486141994780
251354060750
752349807444
336900854682
22339101007
682531060259
946325444506
147571109875
490490913373
627308700609
631403953576
713553013475
563149843143
101382364336
880917126053
429455048160
873703262581
825569994750
932102572252
694052482250
398057258985
200026943628
74821891331
521554568100
950160372199
99658625830
456910228461
115883346830
310756712420
428755179065
496607825130
393917797235
243769689981
870217740740
923363209554
522994561073
803519328101
606757432576
85974155505
